[7, 5, 34]
[1, 2, 3, 4, 'B', 6, 'F', 8, 9, 'B', 11, 12, 13, 'F', 'B', 16, 17, 18, 19, 'B', 'F', 22, 23, 24, 'B', 26, 27, 'F', 29, 'B', 31, 32, 33, 34]
[5, 5, 22]
[1, 2, 3, 4, 'FB', 6, 7, 8, 9, 'FB', 11, 12, 13, 14, 'FB', 16, 17, 18, 19, 'FB', 21, 22]
[5, 9, 45]
[1, 2, 3, 4, 'F', 6, 7, 8, 'B', 'F', 11, 12, 13, 14, 'F', 16, 17, 'B', 19, 'F', 21, 22, 23, 24, 'F', 26, 'B', 28, 29, 'F', 31, 32, 33, 34, 'F', 'B', 37, 38, 39, 'F', 41, 42, 43, 44, 'FB']
[7, 6, 49]
[1, 2, 3, 4, 5, 'B', 'F', 8, 9, 10, 11, 'B', 13, 'F', 15, 16, 17, 'B', 19, 20, 'F', 22, 23, 'B', 25, 26, 27, 'F', 29, 'B', 31, 32, 33, 34, 'F', 'B', 37, 38, 39, 40, 41, 'FB', 43, 44, 45, 46, 47, 'B', 'F']
[6, 6, 15]
[1, 2, 3, 4, 5, 'FB', 7, 8, 9, 10, 11, 'FB', 13, 14, 15]
[4, 8, 43]
[1, 2, 3, 'F', 5, 6, 7, 'FB', 9, 10, 11, 'F', 13, 14, 15, 'FB', 17, 18, 19, 'F', 21, 22, 23, 'FB', 25, 26, 27, 'F', 29, 30, 31, 'FB', 33, 34, 35, 'F', 37, 38, 39, 'FB', 41, 42, 43]
[2, 5, 36]
[1, 'F', 3, 'F', 'B', 'F', 7, 'F', 9, 'FB', 11, 'F', 13, 'F', 'B', 'F', 17, 'F', 19, 'FB', 21, 'F', 23, 'F', 'B', 'F', 27, 'F', 29, 'FB', 31, 'F', 33, 'F', 'B', 'F']
[8, 3, 16]
[1, 2, 'B', 4, 5, 'B', 7, 'F', 'B', 10, 11, 'B', 13, 14, 'B', 'F']
[6, 5, 45]
[1, 2, 3, 4, 'B', 'F', 7, 8, 9, 'B', 11, 'F', 13, 14, 'B', 16, 17, 'F', 19, 'B', 21, 22, 23, 'F', 'B', 26, 27, 28, 29, 'FB', 31, 32, 33, 34, 'B', 'F', 37, 38, 39, 'B', 41, 'F', 43, 44, 'B']
[7, 8, 33]
[1, 2, 3, 4, 5, 6, 'F', 'B', 9, 10, 11, 12, 13, 'F', 15, 'B', 17, 18, 19, 20, 'F', 22, 23, 'B', 25, 26, 27, 'F', 29, 30, 31, 'B', 33]
